$ANSIBLE_VAULT;1.1;AES256
39323435386362343662353463663631363266393564653437616164353739353265383139333663
6534396138376132323830366237336438366265393037390a336239636662323666323639383933
32363134326237643261663739343634306635393839316364303434303264386534333465383661
3330356137616665320a633365613838343834366630623462306235393331613435343935323666
31363938356238636366336162383261613963343138326465636363653632333239303534653638
66336663663362343366363134393039356666653833356130313466643933396337373130383763
38393030396439643933383932633839356633303537663630306330643739633233303361346335
30303364653864306231333033626637636366663034666531363763363736326632303332653565
64343537623062613031323734633432376338323131616461643263643061366261323134343564
32373066666662396139636361353239633239653865613536343635386130366436636136616437
37373433363662623063383561336639376231383166656436356431623933306162646334623931
64376239366565303365326263666533373265613435663662366464366539613733616439373065
39636636643337346533346534653063343466653963393135313535613136343136653339383336
3737383035366338353865663761333963346463356537633334
