$ANSIBLE_VAULT;1.1;AES256
31303133393966633230663032386134306663626666613961326338653839623336613935653736
3136623463363863383030326565386437303837323130610a343531326361306238356335393235
36353765313733393931343661303364353761363632376435383032623332373236383461326530
3262323864326263380a373436636534616438393231613737333462383137373532643764313632
63626233373139386130383831333730653361313732633531623637643034633439333039626637
35346530373364616230323535656339653665376439616461303038633134306363666137306466
38643462333637633831393532643963353365303933643163376564366230383034613538656265
37623135656336616265313737366534323262663462393662333164613563376263353262386462
37616639663464656136353362343333383835393563643539313130653331323438363164326636
37666230653138343236396632316364336433396266366461646361626231656462653666386131
34633161623333313339316361353164386630353933323935613466346561333739303835656630
30363161613536633933363436653863653030396236353530333764376462376438333330636134
61353061323535623430303338616365343036363737343831313335333663313437383532363939
61663536356530633436623730643666633064623864373936643131343530396466343330633935
64613563636364373336643237393334633462396162663764333938396663386330343439383933
39393462336562333261613432626532376130373833306664656236623335646332363233343933
65346234643461636530383634633539616464393338646230313464326333633063653034393831
30653862653731396635323061393865346463393137643433373664653834383461646536306663
34313039366562303062663939313134666265366533346438373061613762613535336539623438
39613335376335303334396532393139623564333833663637363164323539373765303734626133
39653137363433653436613564643939336365353034383931616566303238373065663465313562
61373335386166633862323565353430366533323835353962376338383266643633316132646163
63383263383766303635633731373765653235326563396463383935303966656137663530343936
66333663616335626437333765653938366366643865323431633234303539666263366436316462
65623364373365373135613366346132646165653435313637343763333333653066393762643031
33623163376263333136353163663537386262613133383831663435643364363636323136336536
34373834333634323462313830386361306231373530616235306162346464306261326661356362
63393535656534666530343930386535363466386666626232333663303232306230626439623332
65393366383464363334623732366435326639376434323336616164356361353964636235623139
62353638313763646664346630386231326465643633643432666439663163376330356264376636
63393065306230653663663862396265633065316130353437643965393639373563383461666139
32373361306561316463383733376463333531333661336164343134343333363035613361393835
33373430353864373735303335613233383831666564333534326632333737343661376232306231
32616132376263376166393135393638376138303864393739396364313431356364376238323064
33333433633235353237646336366532653339633461336664656335633431316262363963346133
65353762393061653931313864316135636665653334616164663466626632623762666230633063
65626632633734623063336264383836353335363065316562356162633238333966346363343730
34303237316234313831383038366166393766306365343063306137663231663435653930333864
35346433343939346230383463316463366535363535643833653066636565666266386631333032
66653439623066333838666231393765326130316134306564616531616164623464393836353636
61656230613432353031323163343437336231316663626534393362343863313632343237666630
32393335313331643963393237613731663933303639633062323538336439373962663231333361
39376437303166623731643862666333336166346631373035616262623562613139623639326230
61333563383731633533393734623833633133343563313230323962323438613235663934626432
33313066633036663866626533646664326366633931663965363366643633336430636435616633
61336365636435346266626433666131613966616262616137626463626461373335363962643935
37383932643639303764346564646264353130643030666134643261666536653435343435306531
35363135376237343635376665366139613037356233306662646331633837653236616135643565
64346432643237633034316136643231323863393239656566363261393965356463623538333631
65343765633763303764656664323563363932303237623036376165343036376465373336366635
32373164316136303439353334346531653435323366346431326561363233323164353661383466
35313138353566663165663361656236313236343162376231643764616430633637646535333764
37626338636132623736336433346166363334666562303061323433366433393832326662633236
39383361653565393165336639303233613862333739643563306333616263323933383431383838
61363234306339613538656330306436376666303432653232343437656439303239343135323265
35373330613534316364386332623261343533643564373638323962323530643838373162386631
66646333636565353064383739343235373531373431373562336135326566633364646437626135
34386265333536346337666661613830386637383362373234333533323133336433616232633665
30363832656162323036633562313266356565313766353930636535646136636131333664306661
31616335656633356336336562383634333061643431363538316532653438326230643566616539
63366662326264373663396331383539366533636633653339333466303964333662383666333966
32393330613434663333376263353133326234326639613532643337306466343363393233383534
31346332363339353430353266306366303165396562643863393262613833353733313365353562
30396232376438343634626638393166343165313132303031326539643134656263313936333766
64346135613938623333626462333461393332393734356231626561346634373334393834323439
38616136353764393363396165353537366130626233333866386565393933376532343539323564
37326134363439363461626361393266316438656530323337666438656364346333626462346633
63633437373239323931623666383665383633616137633136636461333265616537363639366433
34333132633566633061353435333765633963663130616661393964373865393935636635663535
66663765633231323931333634656434333862643633306431303736636461616261666264643331
64363033666465336231353033633065306366666636656664386337306361653735656631393332
36353230343562653233386230663265633730626361373730393634306232666537646465613339
35626231643130323866653261396562343566306366313166303637646565616230346538623936
35303136373265646165623736623839303064373161303031303134643337393663393234343837
64383165633239373562313835616132366466383831633539386232383466383964656466366336
34343465633030336130613263623733623635663162616363336265323464346339306263633230
32646664356361373666373432623831643031656566663533343964663866383364656332353236
31653064376564316538653735363737373639373838343838656132613636643839653065646538
37613132313536663131346239643563366437613864333531636634306339363234616431313561
38306564643933323339646535646633626661633537653130636664336136376233336466356139
66316536356134643639323539333939363239643136653234306237353135623430353063373966
30306131646161393435396337353666616266363736353936663736653938396339316634363532
32393763306630343239393338343262653132303263373132303462326438623235306165616365
61376630343837356331636261386466633731383062393363323637656137353662663865313332
32663365643630306132383738303562333833323361633838386538386134653130633139383432
66343665623835623032363338656639396536643766373639663930616331383836646239636234
38633131623634363066396137633536613262633333666462386131366363373535326131376231
30353732623266346438626230333537633130616634303638613738326566326433313430653232
33373530613364376433663730393532353237663864343639313330353334666132353662643033
66656231366664353932303335376163376266623165366536333931373931396562303131666331
31303063346233333633343661653932646133333537383632306634653464663333333031343563
32336538633564626638383635313832336633303038636637623938333337653262326131373433
30626461356164396663343030393631353962663739653837303931333230643566393135363065
65363737656333353063633564363834353564643832386561343131316566336537333464316662
65373763636132323937373137353933393935653435656335623636663531336537386432316532
64356463343537613466303161346561343239666435366538313939336633613963326164623533
37316164303733313863613034386261336134383431626563613662386262326231383835316466
32333038363139633564333835623561346163616432653936656237333833333365306263303237
38336333383839663834376537313133656232323530626438373662323539353136643035313063
32313236376665656565303064336363303163313436383632656533386363373132333966353439
38623963383934336432393732396366373239393365363763633638316564376338666134633639
64306537386363326332363532323965373335646633623566663462653930383162326630363533
66623063633433396463326265656366373065343839386639316233313464613564666631323537
65346233303666333762616339653961306165653564643131396637386334623564333964393363
62663035323631396263356535623136303862353236613231353461343136613832373039323231
37636365616132383866306635333464373261663333363763316233623961323863633237346364
37356636646262613963306536396162303464646666376530316262353231313131346139613064
63336239386263656363326163366266366635373262616462363630653732366236376637656364
32633865633639386461616235626562336336313135656463646665303639333930373965636535
63643333313333333331653735636332363765386631343164616564353936666266333565323462
30336139303638646231323833633565636237623933613430326265343137663133656638333765
36396337326463393864383432663131333539363335666336383834613634363262303838306562
35373932303533633039643065343238326134353064643233376137663332663766633361396531
39326664383133373137316563303262386336326435323863643162363961613735316539313364
63316261636261623538626139343666323663393461386361386138303162343835393361356461
39333664303664663563326636623932613034623231643631373164303166636433643637646334
36306132656536633938383337663561616332376133373233396631646537663533343437333836
36663865346332376238333734353739303533363735323364343562343166373034663764376164
65326465643038616166393933643336333161636336383036383166313431336435643665366632
32303563333635643865633261653565396339373034613834366236616331363261353837663466
38303662623639366266393736343766313135343438326533626233376466633661633962343836
36636339623162306139633864336661663063316362623737653638623332303162343762656533
30353838613064396264366233656239663835373332383731636261306462303336646565656236
32396530623433303464636233633565633164613036383465633437343534633537353031373263
32653735363838613962393165663134356235363963303531666463356236666262626666336439
37313537386331356233383230343664306239623832306431643762383736306539613463633864
61643831343764336238383761346465306566363363623834653166363737656134316665643231
39633531333131326337336262393465306662613933393831666663373665643139363437353235
61383535616230653661636237363538366362333438383138306465363439303062363965616261
61656238376635363462633061663139346261623435343965623139303364323833316362636564
37366637306462626336363661323663386137653837303563386535303937663932316237623866
61313962316362346633656561346535656534326363373531336566393435313839313934626632
64346537336436303730343231636338346337366432643061363539663939383437393765303031
66383262396636303738343130616262636162326336363664396333343164616338353432393039
64373333386433663538346261383232336430396365626263663466383264653739663533353861
63393031663039643265656131646335313031346439383466613061383732363361346263353831
61336666373937303034316339326564336534643263356130326638656565363334613435643133
63656239333530656264373637323763376237346338633635633332613934613265376339343064
65623365363033306262656432383437373663326539313838333964386532353531383231393565
61353230333734613364323432343464646365353432313635303064383362626533306562343131
36346265306138333766616363323934373738636434343438346534323965653831353461396638
30306232313162363838636537393764646635633465643464653237353864336665383935336261
30653736366333326566633866643632386665373164303233303230343931393465373538366665
35306335373366316237653731656333393263303737663563313264306431616164333262303832
36663438656263393764313661313333386466383635383261326431643332663030393962346661
39323032646263656634323633373162656434623639393333646634353638323937336461656539
65333431396637646632366266316434323836323563306331623639366231313064366235663565
66383836613638363065303438383661353638323737383661353230653836396637656535373235
35393365323866366564663137313237353866633635616533346432656238336232386562613131
61313463626463393933383761303431656363636334626237666265646661333765373430626562
39613264346634633232386234613931656165386438346261663739613937653437386134653162
38623961613631356463356666303337346165613634323465636631313862363763613061306431
36323963663432653538336239666166323663343364376135353066316132363061363635656531
39333831336565323336666231373564363430633561366435336633363335313630326662343532
30363138383263633761623863613064316237336134383331616336313230303033616266316461
36373031653532383831626139316264643935626435313962303733636665316465353537613866
34326332346333323135366533363862336662663361656633353034653233393337303664303339
64326335663338653863313933336336666461333764616162613362383036643432623131383036
34323866366364336466636231653661653735303961376233343662613731366639353161316638
66336263653130626335336430386439363261646562386530373365346264383938613864626461
31366634646466616635336636323862653231626265626134386532366333353165623330313138
33323735383765616366663336363733333936356663326439616466633761626262636362663434
66323131633535653835633137646331346431303761333432373334626366303433313363643862
33623466643034303538363362613232386231386565393936373261313566343438353536666436
32646633373231306134633932626161613963643461346462323531306432343136666434363863
38383165353938373031313530353361313464356464346533633865623735366538613763313330
34376263333032633931663363663164333765346464643361623164393737313531666362626361
37626262326232653434316664333534663765343136626537343833376366313365663238366366
31656539333930376130666236363662613339653031366330356235656462656438626138653336
37333362656532383165643762633736383062643662326430313030353738613734623964663566
64313835356233663462386265303564323464313862363331636334366637633834613035313436
64383162386663363731366366376131326461353830656638356533666362343733326434636565
35616536646532343536313238316335383261643563306439303264343261323266383166376330
64366661383135643563396530623731333166396432613036623161313362643934343933623764
35343236353335336538646432333235383833356234326537333962326266616561396537336661
30616239626665656231633366633133313461306531653136393066623662373834383966393131
32303230303238646664336431346337356434346262363463656635663931663130376166653665
30333532636365363132633863346338373439666335363362313638356365363939373134363530
61376232393365303464336439353136623737623536306362613433386265333161393963303161
35323031363566323435316330373431636566356561623963326331613333613534313134353164
62643462616134643338643863363735303137393866666433616264386131616631316631303237
32613162666562323230396433353166393265336635613661383731393937346461373666396535
30373439313430343039666634353831646565663762373732653930323937656438353236376162
38313034383239306637316139666234326339313262613166333233326139356537653765323866
34323362356463363564653436333836393230346237656463326239636530366138326465363837
34356539343730343265396566613761636635613934393366313833643139646166363338303039
66326266323631626362646439366536336539346439666137393463313361366139643562313732
66343666323432343262366661316332623733336364353437316564646435336133616432656336
37346430333430333339393137383132653538633530376338373463326166623661653538393433
31623139333363653931623961326663666566386561306161663434623339646335666433643534
65653137666665663932386463363861383835363239393066613233303639393137326463646233
61663666313062616133643135373265303065646161643032303563333064343732303236656466
64346231663762653362386332393731613936363038656131303138613432646463373337613839
31313134376565316533306336303839386232396632353938633334393631316239663566643639
62326537643732323563363864613464646630326138383561346166303234373138303635616164
66396436636430396431643763643566346463656463666633653834623239323936613937343436
36323962303439663732653239613033333361353361626466396633303065303266383434376133
34393138636439343661316364636436363835613061376336643330636535623664346330636138
35353630626465316165666334663435663737656337393236623466356265646564626562363132
35376166336433323030633731636461663765656338343366353762663764653762336365363733
33666230653066323932303566643235633037626132373330613666303365366435343065343836
36646430663366313636346130333138383032643434613632626132363538346637373961353732
38376465316138613466326261316532346462356564393638656633623666646362626266363833
32626137313566623836653166623937656431346336303031383166646162373534666237363336
39333432373632346265656639313330376430303635356135613563666565393262353139313666
37383263616435316136333962636132646239356264383335373131396438326530626166646139
64333534653237653030303263636131626663343464313266646334633733306665353532303431
62636662393565666137346338363433643331396362316538376266343830383137643965366635
36623739353332636537396236316137343066643238633138356364633337626562336134646466
34623236373063616463333136323461303233336438353936626131626463323439396266653330
39303531616562616166383639373434613332393937656466303664323131613330636463613462
61636364353732666636383932376130316463393365613135336634313835393362313634333361
62343838353365303263383538663937636633613265333635613638393530626135666261303432
61336362633638353864636166656363633534613064373237393666633066353464623132303237
38343131356133646361663933356238343266353537666565626639653836326165316435323237
66333961356361313266633433643239316539633434356463623436386435346166323731616636
37383666393132646438383436653336613333306661666337646132333831613332633662623864
36303231316161313763386635376232663930373266623362373962303737643263383433383266
64393432626664626632636265323963366630386334343932396633646531656631633063643764
62663864653432383435343231386361666661613366616637643463613230346637653835613966
37306634353864616539613531373934353662353336336331333061633364613933646163363364
62336532643766323766373435636430666662393561656239333035303162386330386239663737
64353936393363393539396633396333313931363837663638663632313465396362326133373937
36303539333837663366323138323533663834666632393330343762383236373362323863303164
62333331613438336431383235396536636134323232373437333331626235613363356565376336
39656238663565616332363066623361656539653762633439383235623638366638613336326437
32383365393765313231643062343062326132613230353031343463663464663561643565633063
38343063653565353161653966636231616135366232663263396563666364383934663964323337
32643333643361363766333839663662316431313566393063373866386663373934393365386364
36346165353265643464653033333864336136623433316632303933616434323836336161393137
34323066663338633864386132613562616237393136656533613735633732343932373834656162
66383332323137303862633663336566323131613464643363636363613034616339376335383838
61376536343237396535363434656437356233656537313865393963353834313135356539656338
62643338633634346664363735636433616236623438303663633563653265363331313032303665
37353037303563333139386436646164623463633436646631333462626132373935653138313732
63303466343961396131383837333831383236306335313637353263353061623633303666623065
32353363316130663233393330613762626566653036306236343137363232613036336463393638
61616631653031313763643561336232613139643031383061653762356436373035643262666339
62313932613866636338343534383437383932356432366436306132326536366538393438393663
36656266636633336561623966366334653263663439663236343564623066333633333534316531
37646364343135626334613435313332353461373163323031663733646336396239646365653664
65343038386232346135306237346537653937363231306336643566386135386131663366303563
61643366396264623131633730393364383139653038353562303331376239316661383665626436
64393938343338343533353663343931386234336338656432303063306230393337656432636532
38656263633564376462356334663539303738373166613833323065613965353838393165386630
35616564396564613633663738396333356466663866353537623439306464656262363062386333
33353430623763633136386539616436613061336365326434646666656436663861616637353763
30366135363561333866633739336462316332356535323165343232633234373936663164306432
33333437323961366237643233666235393537336161326463653563323563316131383762363065
65373338376462643537366334316235313437366536653537376365326135653831333062663936
65623038376537623839366533393031646439353437666162663334643134393236383331323831
34663262313231326339623437636130363235663833393037336663353362613538626638303835
35313865313833373030653361363566383263356435643633623531313266363331626535343331
65663734356361363736303934343331373163353838616361353635623733656236303736376535
65383463353464303763633137386431646638363661386263623964613633363431393461333135
37363633323431343134623739393731366532633963653261363363303063623135363465623937
30363132306438343337613533653337613239386465383836313039663966396138333066313436
32353065313264303866323564333230613732366131343037383338643831323661306265333764
37306463633334623639323136363233623635383461396438353037663263656132393062366136
34343464613865643865373266396133373965663861323264336466366161343637656239363364
38326130306163333239643765653762383438636161623930643063303936393365353336653238
32653431323333646231653635623034313363636134323864656630333636616166666637393364
30313837653436383739303962666233636261346361346263396162303236346466303138626638
35313663623733333437366334663065643536373234386537363336663062336535383335616432
61626233393435376636663363373030346266636265626337343433343539333431336264316466
65663466633338396536303866646366303235623333383130356331373562613864623934376134
32663031323731373164323930613638623137616630336332366363343362366265613136323137
64623939303630383763646139613238323930346435336432306661636464373437383162636636
30326533306538623832623736623565653531643766333961646638623731633735373237363830
66383065336238386136386334623065303434373163383436643031366636326666373736356466
63353461303837626565653539353861383733656238343162333462633339313432666331343235
66393132393631383562643565656638363335363439303131346136653065613761653661656666
62356663343934663132636334313737666561663835363962623032343762636538386432363666
31393930636535396161336630303866316131303437313965633032626335323636353165383635
39393538666336646365386639646531393332626362396432626334366238386165363530383335
62363861386436356233653336363637393636303739373362393239323538623763616461353431
36663562633766323334633566653938383430663937386438653336626130353130363361326434
65366561393861323733656565356530393262363336356465623533343266636361376233303330
62356139356238653638393635636266623964613662363331643265636535646337383433353366
30636262303964336138373063333338373830393037656264636136663836626335653265633735
63666364373836616664613665353361653330313565376261326630373639636265316637663436
64396437616462633335623735373337353366326164613234353938313861623932323136313432
61633034376437323761633934646134396237616331383933373363376233316564363830663462
34323935613339656537393939393832626635323961613236336366306534626338663732376264
63326632356665343630363836353066393139623531623738353033623461616337663665313735
37643531373838626135326138316338646539616331666336653031366338376665363438306532
62363865313636653366373734383633343137613865643538616236326563666533363762303165
30663837393936643136616331326634666364616130636139663239636163393462643563306137
34323134333863316264643931363633623133356335363439396136666336346362623130666535
63393463396336313964303735666638376630313635336666613039336362326335303362323330
33623661326432666233616666306434666535656633373530366339303538663165373765306161
32336631363938353736626262366132313132656538363638313933623931656537393630333866
61396564353164656366323931636565333930633562666534343835393035316662
