$ANSIBLE_VAULT;1.1;AES256
64333037636166613761356261336639356137343138336134303331323566346161393833333232
3861366164343666663934316665363430316335623931330a363635373465313663343839386537
37636161333263336631363665353564333263393936656635306134373135646431306330396638
3137366336323837330a353365653636663664313837613337376161613536636137363434626230
62393635323937346137396131323661626439353839623031333735316530633831313961656435
39636131353030373838613663353435326366646139653932333533616330666565643666623663
65383633346330626237393063616665303566386362663039346462616130616164396138373334
63633664623536613563653262393831653635386538386439386161616336663164316131653731
38626333616637366637326131663731386464326562356434356438653836636265313465363563
61386335633033626137383538326233313937346261623939313265363164666464663365346463
65623832656335626434353939633838663165376262376230303833666364336235393161646636
36343235393834633436306436333762666162393962396161326336396338353131643338323638
32666564313237663232386564633833323930613634336366356336666265373633316464393862
63386230666237393961333837613931343131393361616261383639396431346530306531346266
64376233626436653066326534313065393636323564323339633531636366633434623064623435
39653365303735663063336566303563326131363234363962613038653362383534643065356666
37393864616233373739633033396561343061363963376264366135636165373665303964356263
38626439633738643838646663313835313764666636326463343030343264643861386337353065
38343438393833353836313136316364666339633133656132633237353066393530313831353037
64383138323836366266363530376664666239303332636539313235353134656433383033353564
30656330623436366337623439313066643131333363623830316364366262386266353031663233
65333838613435386237343739393133623062616332663137643232363961643761396234386262
63353831366665306666323233363132393463353332313537306333613137343035343032363764
32666362336336636238633931383765363730373938393061633639636661633563616365316233
37313235303337376530353330386538303764346661343365366465366135383161343063633739
37663238313931643866343535323439643534313964386661366532666134386166326439393335
62616433326338323338646361393130353635323330386465626131386565313331336530616361
38653462626632383438396339376133613532346162613665323938363630643830613966303564
64383038643338356631656137646339623334316134386666373165623234343563396433373334
34383231613235333632643233316661313338636331613734313630616165303864623937383761
38633438343737306434306536636365333533633238373533656637633134363631643734316336
34613265616133353937303461623363663131303634613266653463633335656636633166356538
63633739386464303839613965356661333935353231633338663638356630656433373635663337
33323637306137613662376561623739353164643130323666656135386165376364323631383033
38313834373861383762363036623065663135313131363065356364626438373638326334613035
64323134333064653361663263643637323532306634663962663531666631656538346265386130
34353334393333646335333936346533373263333037366163383266373231613835343463373738
61343434393736363964663164346261626266306266383936666265336462306130376632363064
39393664663030333664616633393139346338356136663737353936386166643266316563396461
31623635643533623333303330313931343732633439643437356532353833616163663530656234
64363462353966333936663935346163343737383632623531366236613462646431306264326239
37663939666434336435336138396234386233303061636332626336323432666565343635623964
61663763623736646537396332353231656539303366363436626233363735626234373732346565
64643431626266333033396465373461646531333162333133313261616232363262393230346235
66376635643139653937643632633138643561303361643830373930616634616633386365366137
66393961303037383435656462373237343635303266616561356665656364346462396234306530
61346438363365643234646234613932393031646339303162303666356438333034303564393135
63643866336436366532616337313935313962656630356131623362663362346139343737633830
65323833323437343533303231653966386630663064306637653564616439376333643561336335
66386334306138626363326336376539653965633131383835643934393837653462333531306534
31383361636432333265646437353431366439303262663437353835313662663463613663376130
36626461343135623963303261353961613538663963323831383634313964366531383333373937
66613230323139353861663330396133343034363137656430616530666334353966343866303062
65316536313339373966666132613464343130626566646566383339636239396361653235383637
36663262613531643531363530666335363839616639633666313939383030646338613565363831
66616537653530366136346666336661326366306138666164663366333435353031626133666134
35396233613639616137653465366537383562626662653432633535363962303739346663396332
34363161303365623430363337343838343766653466343537376365363961323766643831396532
64326236396363386339383565643861373035363565646639383361333961616265633534663131
65386433616565386435383735373363383832326563393761336565646365343966646438323333
35363834363861326464646364373737623863333765326337633164393332323765303166353837
32333334633734396634626666663164643334393238363734383661636231346366316539336636
633939383732326162303536363961386539
