$ANSIBLE_VAULT;1.1;AES256
66303634616636303662613536653336323962646139363862306333613537393037383766396231
3935303466376465306130373232393838353162623038300a336661323762333964353736363537
30613564626663666630656430666638373934353330353339376538356264353738366534616439
6235306132373236620a646230613163643561613130343166656235656331613265353032343832
63646466373633306264316262393736663065656634653832613864323165653865363531313236
35326162623739393364323236316461623930653030386433323335383665333334616535653537
39333764353438653234376465386436663531613535613830383439366635616666613430326138
35393963356435303062363866666536613934613161326264336130386431633863373461346536
63353135653737643033613665623737633936363863636565386230376431636361663635393631
65386436373763376263393561313633386430313666623066386464343466356265353834363136
36663262306664376663363666366464633939626230363835616430663237316465636565353931
66306561373261633539366535666665306137313666363633663535343331373438376466386365
63323535343431313563663231623762323333383037386438343334346466613539656434373138
31326463303965323131333630663463326135393433653532316131343863353062383461323637
66616361393532306265373563303238323735363638393765646630616537663635343532313737
35376639393666633238323539346466363239626664626361343030363966366361653831343236
30613132343064316231653432343161643336376163623939316535613666623039633534636539
37376239323364663066613830373461613330383335383633316630643361356361353933656562
65643937303734316537373630666535346435663364623430366139373232663334643132643231
36343134343939356161316366643761313336396236373433383038323739353632336161396265
62356365663634643061376261653737653336613661343765373463623666353739336139636663
35336265656263363830313039393433373965633939623032313664613965626637343665636666
65656337353739366637633761663964666465383332303036343131356433346564616537323062
37376330396538616265633762333835356230616535366463633731386331633465326334626262
36363965646664393733306533623463396135366431643864636362656236643937363766396266
31623164323134303639353338326464316361613261376336396538313836643030383236666266
32626436653163313664303562653332383632383734333463373463376438373531316666643236
32616533316366623636343836366462656239336561633263333134666532333435316237333531
30653463613635383933366161366564323463376265616133393235376233326366333831393631
34653262313338656335396135336337653233326666323235373937643630356331616338386332
30373863666164353862633233366539663137393463653139343162623035363833363930353462
64383164643132663035313933366664643131623661343833623136636437643862313834313065
62666566663130613930623163393439323238666639343532666333353636656235333831313461
33316263663934306565356564363265346133623236396635363034383231333135363864616338
64316362343166373830313532343537656466333533663062366665323631313436623133626536
65396361356635376235636431353862343737346261323436613432383364306231653566323766
66383638386233386338653135666264613333386463306665343037343630383164373135373264
66623036336530396538663063663163363364643838623161386537343264356638633830326537
36323539376461616430623138303164303931363830373235633537393839326238373633613966
36336636346565333065616637396363656531326463366562663261333066313639366663336265
61363135323435383332613232333162663864643638633336313232613333333236626336343832
61653032336534623164333466666261613939636232613463306438633265363066363333316233
35623831643634386236363430353530323265633932346337333137393866653930306237643131
62623539616464633839333736366630376662306130333137333735323330373039356261353336
31343136353234656237663465323664353535313063626430663732323434626637613539653436
31313539353364313839326534336533336133303466633036393138323638326233383630333435
39316337616166316238323362316366656566666164626164373433626165383263383236666561
62643535373566333437363539343863666264623964363665613433366139363738303965636430
37346231366566613361656130393139386364373532336365323461623437626363643334663039
61663861366665333936646539626338633665343837363035626466646133616531643234313962
31626638636664623563383963643833306435626336376165633236626166616166333362343461
33366238633062656137323062353535333633346336336461363632656364383238373039386165
39346361393937323736666262373564376336386136613565643265323936663337383230303564
63653265313536323038656232396663636537353530623836396138333664626337646335616435
63613138313232376635323337336665616331393333383662343532663536616532653262336534
30613038613332633466626264616361623430323137613531383435666362666130343435343564
65363332613437633565626131613933653663373536303037616432323162316232306262643136
35616264663337363831353465313533366235323563313933363737376430643234316333323432
38366462616331303564633934646537373430623036393636666462643138373363353233373638
66643932353135636530373031363233623932643931333339393733623833656332346130663038
62386662613132326632643734366466656134303164636136623463373565366139356164376630
66616362343339633030303733353461643062616137363536616132646333643738646633366437
33343336363236656330313334663433646132306430353861643238346430656163336333643238
62616536616462323561353765396535663137653362653166653537356362663930303533383636
33303233303538303039343464633333356537343733343335653432373761356134633637663865
36343231633632646138353963303563336331626234653061613638646335313430353930623339
38316533356231613733383663346632656139333035343535343861656633356531393565613637
39343438643236653362616661373038653366323663323039636263636233353938316262376364
32343364383235306531666365383339326164663832626266626432366433383865373938656530
37326134323163333235653538343232653532613633613061623030316431396633386463666566
34643639376332626432326138643734353736383035333335613765316233306439306563633638
30643366376365383962666661653636343038376364326332656332313331623531353336346630
30633862633261343431386230323766346562636338353261343035356662643666333266646532
65343566316332366333393737323134303738323162396531353666326232343738343535376662
34303137633835323962343264343963326239613139343431616265303466666366646437353961
36323861313532663237616139303536383635656137613831616230333533653931373339646231
39633364646439373937663461386461616536616238636561356333646361343138643732376336
31333632373661343966323336616135343539386263656262306163333663626133623532663033
65383637353232376634396538313361353038656166366438623564303038633730303165663531
32623139633332613436376231373939623763646635316233663931613436653965646538366163
63313234393536393437623464313162626164346564646662383763343161366333636134653738
63626261376638666235383230396662643731643934313936353066653164353064396665343236
64386435353763666364633430333731393066313834616535646338373138356435343066343665
65313737633238346637643936346235383937373461636637346364343639373933336430356331
32396363393532643938643366363765616363393465646364663962346365376236336666386666
61396230306532353661353661363039383161386339323039653261316130393433623433626634
33383161323062353335333639353461363762393438663835616338386437366337323764623064
37323765306430616532363866383866333861376433393062326361626663633064336139643035
62363963376338336366376631643865373830613631303933643939396462343134626633306337
32353739386631336266646263333039373734336466626437336132663338393866396662343462
30373930633863626536386662313034393933373864383939303264656539613161383331666330
34613337363335343531346137643863313137336437383864643764623462383131376330303937
33363465336563373538643533333231376130623537393632656262356264353166386462306337
66303164336162306438333434336632373264383437623837306138616335366534633966393134
30383436366666323064313762303562343235383132333338383230343835363634323430363762
34366131303137346634633236326530323039363561333834626438656666306463633835346433
36333063373032666631643531623861666162306537656236313766386362623531363239663163
37613031383133316462653963633630636438356131393166646236353738303037393730353831
34353237393865623732303266623735333664383336356365383665336231643062366262313639
65613637646439616431326538656664646261343465396530636536313732633537666535303631
35613938373237643230316134383336323961326338613830666166666336383231393263333464
32633834633930636339313162623035643235623135366261316630376263303637613133633361
31316531643435313530356462646563383338643437373732663165613865393637643030643137
38303766396566616664653933316362383533636136363333393966353637343364373965353065
36393364663663316534303663633461383637306133363632363932623663326534343237616261
36343239353766326165626362356164613432616664343539383333313866363465323432373134
37623538396131366266663531303637303137316331303134336431376330626233386562613833
65343634643936323237333337633734666664333461383164633138393036316532383634383861
30646130323266393165646330666236653630646231353664393363323433366230393863383365
31623935656534393835336337313538353139623635373761316330363361336133376236623861
61643965623635376164393461333931323065313264376237306236393563366537663831623031
38663037653336333333663863666266383037353662353362366562653864626431316633383365
62613236393139613231616161356237333535613738656433353962343438383831316335363362
65333633653931623639366162633037613530636335636661366463303936616465303731326663
65313365326131313431643737643564626261363339393261653933313933613731366238353264
61656564623263396635666631653566616136626532626135643064663530343762626265393562
36313862326262343035363464396136636364366235613733393536613738333361633635396663
36376431303231386333356135393736646336653535666435383565393531313862366563346535
34306436636365353864363035626536623938656564343532366631383335643466326231313862
61313365306264306431643332623135326365623839346163623363363133646635363930373536
39316531656563646162313761623564333564653738373931626663646362333531396631626133
31353263663465303130666437366464646363386336626365656161333238646263343266363935
66316337656535663636646562633666376635646562353734643939346431303239646164623361
38346334326433333265373538633863323962313135323439633163636562353837383832373632
32396138646534373262656234353838333039623830666335306339666362343233353662393834
37363662653139306639623636363937626661386136636136393134633166656632636438366464
33386234396365323334303938653537643630313730363833333732356166623564393962313530
32336237336537626165633731376636373436656538626235633136393839613663633265343232
31363138373035653964636434616466633663653036353031336533643534613832373031376661
63636165313832383538353364316565643434663230633030643935396535323338323339343039
61616438383864613733623264643631353633383638623364363736656462343266613636393362
66616236343735396135656366623063386331356465306635636633663334333731626137343166
31313632326532633531636433643338313937643336613363383462663139663930366235323064
66383661643464303535653736656163316165656463376333346366313930386630323263613833
62376166376532623462643964613366306263373739393039353266366166363939336637636236
61373031613534356437663163666433383531393861623633396338646136383464636439636632
36353966373763336166373639653465663636346466303836623935666638323632623934306563
31326638656535353231636130633631653532626438333865386338363537393032336365353865
62636331646231626236303533633139386637363962343631363434623633643039623934343334
38313538333535636133383235363966323962373036643666643631323134373137653830363836
39656263333232373264336139376662393437323332613034633136343837336664316262333665
36383736303937383138626264636634356536303833383461316439333133653236656539373465
38373761613261303938303139383734356133396539303133663062333939663835643561616436
34363534623762633632343863326337353534343064343937313462633566653231313134343635
30313534303536333839653830373536343164653165336361323863353738356130623263633964
31653532616662313730323931636466616539323537343364366338373262633364633134623331
38376636653336303530336264316632666230653962613430393433626563616535626631663764
66646533346435343961613931663764643063393335363935356637376330386563623639313738
64356662356562336530643231613961323964393138343835373333346662613632326139656461
61646662343136643862376238366263313034393366646566633837646335303438616336626131
36313039646334396638653833303436646635393735393038636165366534396464393939626235
63326533356663633330653232643337613833333939633439366265616630326463333962326138
64356461323136303565623962353032646231336561386336333439636333353463623462383438
37323431383161646263373464333637646465383639326466613231666133373765343731623431
38376436373336373163343064626263666138303337383663323738306331666537303836306564
62346638646632363465646230366536633164303863633434636134363261613962356462643338
32336335633535663662316132636132306236646437383637616562333032663864616537666535
66393933376131376338646234653134386232333337313838366265373830353364353664643964
39366236373366303861306563653864633464376434653966613039386335343937346437323765
31613463306632653435306435623931363337303234356130333330353562343234626237383733
37663465316439343138343239656339643137653065613736643434653961386333356235623361
61336339376235616438623062353838623065643261353033393464393266626538363732363465
346134363230363432386635623837356463
