$ANSIBLE_VAULT;1.1;AES256
61353262366363336566646537623362623035326134636361303466623530373232343066333830
3132626564626335333036626531646264356339663663630a663734366432343930353761316439
62663936613033346564393163383332633564363464373535363233623431303264646339613363
6263346639373732610a616161353262653262323633646630393136326331306262316330643533
33336263383230626431373365633033633632633963656139386366306533343538643636313833
32303962623162663032633835623761646364363935643132336161346531663537663563363038
36643232336335306631316332363139363638653564633562333865346566633132363462363163
32343038623037383633646336353736316430326131383338623630306130663464623466623865
35303033356538333163306164303435666333613063663662643731656235616237326437363730
35306433376539633530316165383139616337656661303839623137633632386365386238633130
38333562636436396161313064376536373431323361643938643363626531393865326137353435
32306637373734346361366366356262356230363933353361363330316461613538356266353638
62623466383064333163633339386662323961643432653861616663313665353733653435373063
38363134646165653565363735383931333065336164303566646261336238343161646162326435
61633339393664386539656165393839346363303831643231646632356566336133653133313039
64623138653834346666373837336664383165323066303561653835336137386136626163386339
64346332333430646462336664393435653563633137633965326162386135633865306431383232
35316132613930323933666265336135363638326233646334316338333135376137383834363634
64663135393632326237653033656462323065333436323165663363303938613566356663363863
66373966373139356237326664393865366362326661623238383766636235626334323766343731
38303931323663666332306631626561633038663533653261303465366637353632316565383132
65303031396533616235656638353138306631353338303131383631313634303837633834316434
64393866386464333764323031666238383938333237333834383430303662323765356133306366
66343166323363663736313434366136333166386534656132653237336638393832386166336564
36626534643766313131663764373338633430326665386666396261613338353233313634396366
37613937656432346334636431343930336536366234376239306637643333626131373435393862
33393565373635373738393965623437383863363536643465396464643432613038333430366331
63376530366666343834656666306135336530373966326462666631333261646135656439363262
66366631636138643731613936303237666663386238346635356534306233336462613961313561
30343331323266306231633938356364366630323361393963316237343639653732363736616535
61343064666337643938346432396130306365623934373636623237383832333839626631383931
31636435356432346333366430373434653963333661363930383437323733353335336466623334
62366139363936626263393332643164656632373264646131383462336265396438363634663639
66393331386432323465386665653566353934373361326165636565646133353066313564396132
34656538666231363531643262613838383737613961653964353534616362376564633833376661
63633338323362336533386439336232303438316339643962616537336264663934633332393639
32316261643462306365353330396330626632373666316466646262356431313331323138393965
38653162343461396332643638636239363139303731613561353963663131656136323363613539
61356634653638666333623831393533396261363930343664356164313462383336336439616562
33363933303566663231626233346631363333636439653637633935363662643565356465363035
34363033396164363166623730373639336538366564383262353864633665643137313037633538
64306664353135356330623632333737656361393439663033343236373265663466636630393166
33386631306335316664356435643136656630343633333330626462303166353637616134333233
36356232623631376666653331333235396436373266643836666330393735323062323734396636
36316464316130373034356263613862343062376232363864646632663363316261383131663833
64643536306336326638666137333031383461646331636166353236366461636463306436646230
65393337663132343663353631366333383962366263623434643165646239643463643834306665
65383439323066383432626231643262356638386234336335313134626232636235353236383930
36343537616364353732333336633163643739636165313939363964643766333530363333313237
64396239383639623065323039646238323366383663656237633130613331376666376136303231
38366461353338386464633162663930643836396634323332633864333666623265656562643830
62636638353565386533373236653638653331643931386632653436383230343063336661303537
65663239383338353236626634323634343862643534633932343662616335363966393164333166
64646262663635376238386261626334303132313966333266383230353065343139383632376533
66353464353532626134333162316262646432646332636537393934663038653636653561323764
66303636343365373439646666386339376137363633623530626661653063663631613738316635
36663732306231326136306530363937623637333064386561356234353266313230366632303935
35646536306263343634393961653236653838393766306365613065303266646538636139356263
30356436663033383265636335663562663131646264343032396233346666303334383563333236
34663233386133643365376663326235616139353262613737353830666565323663353065343338
61336262616566643138333131376237393561396632353561376531306331303131373364636265
62323665666332333135306365653636383731663635373135646136616161653965393032306161
34623962316133653264663662613034336264323736623262363238383530363835363433363738
64373766343064616334313665356633376162363533613737666634303234303137613264633230
62636437303634666361663037356439636533333530653339633739303266303935326165373066
38353263393737636461313465346437303765343934323534316562666662643266653364346534
35326537343064356361343730353431393732333166303838383034616137383762313534613638
37373965316538323065613766316666613430656362346165653739366635313861633830313630
62383138303038666365616132396434383137346634363339666130393539656565306237343137
63653261363039363166613738343833396366663934313534373832633463636236623963373031
31356630626563643463636131633733383866653235623933646434356338356261373734633738
39383663366665363461666663313662396161633138353039336131373464656435383065373965
61633734663061366233663966343738616237393066383961646362613331323730626430303835
37623433333433313533303434356436643964373435366439623136393739313630363963383534
37646464663666303939373632653732633233376538616235643437626331656438313134326436
65666262313030623735616338366339393639643838633931616439383437663835636535636665
36313862343833366335613835663931396166633763613264343736656435376538663637396634
32613962373166656233306462363462353862303736343737353966623636343162333632623137
66353135366535613835346665306636316139383538396432623937356661366164636364313666
30356635396661373563346235336132323232306464643066346662333830343361616236363437
37376338653661316432386139316339643939656563343132333437346662623566346562333666
64333032333830313666376134646261646165366338383236386662626633313563313735303662
65666637366632396136626330616437626339383835326662376134373936353835623836643435
30323635373962383736343833303162643834356266373536396131663332613938306162386336
30316666306335633430353132313737323533643361333063356663333961303536
